113.32769,23.123295
113.33978,23.126298
113.32967,23.119688
113.32682,23.126794
113.32775,23.127143
113.34639,23.132089
113.32446,23.134189
113.32868,23.11977
113.32768,23.123609
113.33943,23.124163
113.34168,23.132441
113.33816,23.128572
113.34633,23.132112
113.33736,23.132765
113.35,23.125957
113.33194,23.117841
113.34052,23.132528
113.33353,23.128994
113.33099,23.124921
113.34128,23.123972
113.33785,23.126434
113.33805,23.132713
113.34,23.132567
113.35675,23.122945
113.34486,23.132206
113.34119,23.132478
113.34667,23.123391
113.3454,23.118004
113.33913,23.124189
113.32724,23.121857
113.32257,23.12009
113.34321,23.118285
113.32772,23.122073
113.3512,23.118742
113.32842,23.125164
113.32783,23.133483
113.32768,23.125143
113.32412,23.129925
113.34832,23.123266
113.33426,23.124595
113.33184,23.124854
113.3398,23.124132
113.35817,23.130927
113.33898,23.118831
113.34663,23.117845
113.34474,23.123599
113.34186,23.123906
113.32768,23.124883
113.33645,23.124418
113.33373,23.126826
113.34631,23.117886
113.32772,23.122036
113.35918,23.122892
113.34727,23.123327
113.35422,23.123001
113.35577,23.13127
113.34028,23.122477
113.3455,23.132165
113.34811,23.123277
113.33474,23.124551
113.32776,23.126703
113.34572,23.132151
113.32774,23.126537
113.33464,23.132969
113.33243,23.125002
113.34155,23.1185
113.34426,23.12365
113.33942,23.128456
113.33352,23.133032
113.34511,23.123559
113.35223,23.119404
113.33526,23.126641
113.32777,23.130656
113.32467,23.133804
113.35316,23.120027
113.33586,23.122693
113.32788,23.125221
113.32227,23.132125
113.34515,23.123554
113.35644,23.1309
113.32905,23.125097
113.33899,23.124201
113.33316,23.124722
113.33193,23.119499
113.34197,23.13242
113.33911,23.124191
113.34322,23.118284
113.33299,23.133062
113.34093,23.132497
113.34124,23.123976
113.3267,23.12529
113.34572,23.123493
113.33241,23.129083
113.32664,23.125292
113.31982,23.121977
113.3427,23.123816
113.33048,23.132904
113.33465,23.132968
113.37238,23.122606
113.32776,23.125233
113.33841,23.126381
113.35329,23.12304
113.33388,23.126802
113.33441,23.124578
113.34027,23.121938
113.32868,23.11977
113.33768,23.124313
113.35396,23.123012
113.34835,23.123265
113.32896,23.126576
113.33734,23.128691
113.32869,23.133396
113.32869,23.13333
113.34722,23.123333
113.33092,23.129199
113.33572,23.132888
113.33706,23.124365
113.32922,23.119725
113.32779,23.131973
113.35558,23.122944
113.3402,23.124772
113.34965,23.131898
113.35269,23.131595
113.35141,23.11729
113.32771,23.122996
113.33177,23.124859
113.33944,23.118767
113.3321,23.124834
113.33199,23.124842
113.33762,23.132746
113.3362,23.122633
113.35135,23.131735
113.34885,23.123239
113.35482,23.122987
113.33233,23.133099
113.32908,23.125093
113.33441,23.119533
113.35679,23.131148
113.32226,23.130112
113.34324,23.123758
113.3305,23.130799
113.33789,23.128597
113.35045,23.121563
113.35397,23.114745
113.34438,23.132239
113.35506,23.125793
113.34664,23.132091
113.33639,23.124418
113.34426,23.132249
113.35293,23.123056
113.35629,23.122955
113.33873,23.132662
113.33854,23.126385
113.34863,23.12325
113.32993,23.129414
113.3302,23.13006
113.32866,23.133399
113.34034,23.132541
113.33333,23.12689
113.35116,23.131756
113.33282,23.12905
113.34008,23.127749
113.34117,23.140717
113.33468,23.132966
113.35035,23.118863
113.32656,23.131615
113.33744,23.132759
113.32975,23.128764
113.32768,23.123948
113.33941,23.124165
113.32894,23.129405
113.32775,23.128475
113.33678,23.12634
113.33203,23.130323
113.35849,23.131019
113.34791,23.123288
113.34348,23.132307
113.34691,23.132074
113.33989,23.121689
113.338,23.132717
113.33313,23.126921
113.32374,23.131917
113.35456,23.122992
113.34922,23.123219
113.32372,23.129965
113.3475,23.123309
113.33265,23.12478
113.33065,23.131337
113.35325,23.131535
113.3277,23.125643
113.35363,23.120235
113.32925,23.125076
113.36149,23.122842
113.34726,23.123329
113.35344,23.123034
113.33773,23.132737
113.33389,23.128965
113.34606,23.127948
113.33358,23.124674
113.32176,23.118191
113.35096,23.123139
113.33957,23.132599
113.3356,23.124482
113.32935,23.125065
113.33329,23.119385
113.34785,23.12329
113.35287,23.120056
113.35204,23.123093
113.33171,23.124864
113.33169,23.124866
113.35297,23.123054
113.33,23.11966
113.32768,23.124867
113.34961,23.135609
113.33033,23.130386
113.35035,23.123165
113.34405,23.123672
113.3275,23.129587
113.35628,23.122955
113.35824,23.122913
113.35798,23.122918
113.34149,23.123947
113.33729,23.124346
113.34312,23.123771
113.33627,23.119154
113.34987,23.118152
113.35801,23.122917
113.33754,23.124325
113.34545,23.132168
113.32919,23.119728
113.35002,23.132188
113.32116,23.123628
113.32305,23.12009
113.34792,23.123287
113.35251,23.131613
113.34725,23.132052
113.34292,23.132348
113.32966,23.128388
113.35272,23.123065
113.35844,23.131652
113.35,23.125604
113.35875,23.12611
113.33263,23.128037
113.35206,23.123093
113.32469,23.12701
113.33506,23.132938
113.33372,23.119349
113.34456,23.132226
113.34825,23.131988
113.34181,23.132431
113.3464,23.132107
113.34567,23.132154
113.34601,23.132132
113.34239,23.123849
113.35832,23.133402
113.35331,23.12304
113.32816,23.125191
113.34028,23.122394
113.33285,23.119422
113.33588,23.119183
113.34876,23.131956
113.32864,23.119773
113.32877,23.126596
113.3191,23.123681
113.34938,23.131915
113.33174,23.119515
113.32778,23.131409
113.32874,23.143685
113.34029,23.121954
113.33929,23.124175
113.33392,23.13301
113.34379,23.1237
113.3315,23.13315
113.33466,23.133312
113.35004,23.129277
113.33551,23.124489
113.34026,23.123058
113.32159,23.135569
113.34233,23.123856
113.32821,23.125186
113.33412,23.124612
113.35788,23.130974
113.33243,23.124996
113.3224,23.135178
113.32947,23.126522
113.33133,23.133217
113.33547,23.124492
113.33598,23.132868
113.34363,23.123717
113.33633,23.132842
113.33792,23.132723
113.34825,23.12327
113.3335,23.124683
113.33988,23.124125
113.35398,23.131459
113.33037,23.12497
113.32783,23.126695
113.34819,23.117666
113.35073,23.123149
113.32306,23.128457
113.32886,23.126587
113.34079,23.12403
113.35263,23.123069
113.3377,23.124311
113.33475,23.13296
113.35524,23.126478
113.33485,23.132953
113.324,23.134408
113.32804,23.126674
113.32809,23.11982
113.34951,23.131907
113.34474,23.132214
113.33293,23.133065
113.32996,23.129278
113.35454,23.1314
113.34574,23.123491
113.33201,23.12484
113.32229,23.119212
113.3338,23.133017
113.33633,23.132842
113.33033,23.130373
113.35011,23.118896
113.33651,23.119131
113.34881,23.127741
113.35774,23.122923
113.3432,23.123763
113.34549,23.123518
113.34334,23.123747
113.33149,23.129154
113.34646,23.123414
113.33804,23.12642
113.33605,23.132863
113.32903,23.133362
113.32361,23.12009
113.35469,23.122989
113.33203,23.124839
113.35675,23.122945
113.33147,23.124883
113.33836,23.13269
113.33874,23.124222
113.34994,23.122549
113.33453,23.124568
113.33588,23.12659
113.34965,23.117518
113.33809,23.124278
113.34758,23.132031
113.34842,23.131977
113.33727,23.119964
113.33301,23.124739
113.33478,23.124548
113.33957,23.132599
113.34435,23.12364
113.33802,23.132715
113.3644,23.129931
113.33927,23.124177
113.34362,23.132296
113.33244,23.133093
113.3507,23.12315
113.35003,23.128866
113.338,23.124285
113.3296,23.12608
113.35534,23.126824
113.35316,23.123046
113.32768,23.123559
113.35701,23.131114
113.33534,23.124503
113.34123,23.132475
113.34109,23.123994
113.32772,23.122183
113.35912,23.122894
113.33987,23.124125
113.33136,23.124892
113.32662,23.12811
113.35466,23.124343
113.34739,23.120692
113.33058,23.131965
113.34186,23.132428
113.32781,23.119843
113.35602,23.129336
113.33881,23.126366
113.32778,23.125231
113.33833,23.124257
113.34344,23.123738
113.32985,23.129159
113.33912,23.126345
113.33529,23.119227
113.34224,23.123866
113.34449,23.118121
113.33509,23.124524
113.35276,23.123063
113.34694,23.132072
113.33447,23.121183
113.34119,23.118546
113.34981,23.123189
113.35846,23.131398
113.35814,23.135936
113.35399,23.131457
113.34329,23.123753
113.34762,23.117724
113.34649,23.132101
113.33464,23.133012
113.32228,23.12009
113.33273,23.124713
113.33828,23.124261
113.3484,23.123262
113.34813,23.131996
113.34652,23.132099
113.35183,23.118888
113.35786,23.11066
113.34658,23.132096
113.35898,23.124081
113.31962,23.132498
113.33126,23.129173
113.35835,23.12291
113.33243,23.124806
113.3499,23.120482
113.34978,23.114515
113.3249,23.12413
113.34154,23.123941
113.34073,23.122441
113.34445,23.132234
113.32442,23.12009
113.32357,23.125442
113.35418,23.123003
113.32784,23.125225
113.33402,23.128955
113.33026,23.133236
113.34865,23.121618
113.35432,23.122998
113.33251,23.11945
113.34574,23.132149
113.32615,23.131645
113.3512,23.123129
113.3417,23.123923
113.34388,23.128112
113.3321,23.124833
113.35184,23.11889
113.33725,23.122585
113.33712,23.114947
113.32769,23.123342
113.33451,23.128274
113.33746,23.128636
113.35005,23.13167
113.33853,23.132677
113.33768,23.132741
113.33106,23.133179
113.33174,23.124862
113.33092,23.124926
113.34184,23.132429
113.32832,23.133434
113.35281,23.123061
113.33764,23.126448
113.3281,23.129515
113.33361,23.126845
113.3356,23.132897
113.3387,23.132664
113.33398,23.128958
113.34595,23.123468
113.33647,23.122621
113.34139,23.123959
113.3387,23.126374
113.34565,23.123501
113.34606,23.127948
113.33344,23.12469
113.35885,23.124106
113.33458,23.132972
113.3347,23.13431
113.32147,23.120168
113.32976,23.128806
113.32953,23.119699
113.33915,23.121206
113.34184,23.123909
113.35848,23.131156
113.34739,23.123133
113.32953,23.119699
113.34935,23.131917
113.35425,23.131431
113.33105,23.129189
113.34594,23.132137
113.34383,23.132281
113.32482,23.134013
113.32616,23.128155
113.33295,23.124746
113.3239,23.123564
113.35875,23.122901
113.3242,23.131852
113.34571,23.123494
113.34708,23.123348
113.35651,23.12295
113.35448,23.123676
113.35508,23.131343
113.34953,23.131906
113.33023,23.122642
113.35237,23.117242
113.34122,23.132476
113.33158,23.119528
113.35269,23.123066
113.34595,23.127956
113.33701,23.124369
113.35841,23.132194
113.35232,23.123081
113.32344,23.128459
113.34053,23.115837
113.34098,23.10375
113.33238,23.133096
113.32995,23.125003
113.33597,23.132869
113.33043,23.122636
113.33215,23.117098
113.35116,23.131755
113.33937,23.132614
113.34616,23.123446
113.32873,23.126601
113.34244,23.118385
113.35113,23.131759
113.34326,23.123756
113.32475,23.12009
113.34032,23.132543
113.34176,23.132435
113.34233,23.123855
113.3374,23.124336
113.32768,23.124558
113.33345,23.119372
113.34616,23.123447
113.35055,23.123156
113.32494,23.125133
113.35059,23.123155
113.34035,23.121053
113.33813,23.132707
113.32489,23.123914
113.32177,23.128663
113.35549,23.127385
113.3443,23.123645
113.34894,23.131944
113.33994,23.121723
113.32487,23.12333
113.3563,23.130368
113.32768,23.124259
113.32775,23.12956
113.33577,23.132884
113.34708,23.132064
113.35359,23.116997
113.34776,23.13202
113.35751,23.122928
113.33001,23.124999
113.35731,23.131064
113.31948,23.130336
113.34517,23.118033
113.35026,23.117443
113.32723,23.133565
113.32339,23.12009
113.32572,23.129765
113.3355,23.132904
113.35299,23.127428
113.34529,23.128006
113.33135,23.124892
113.33291,23.133066
113.35325,23.123042
113.32628,23.12531
113.33246,23.133092
113.33591,23.11918
113.35817,23.122914
113.34434,23.132242
113.35102,23.13177
113.32912,23.133353
113.32979,23.125018
113.31992,23.12009
113.32341,23.12009
113.34998,23.124011
113.32768,23.123948
113.35508,23.125895
113.33049,23.130761
113.35888,23.122899
113.35188,23.13168
113.34401,23.123676
113.35372,23.123022
113.33409,23.133
113.34188,23.123905
113.33174,23.124862
113.33516,23.124518
113.32859,23.126615
113.32513,23.131722
113.32768,23.123609
113.34975,23.134405
113.34655,23.123404
113.33217,23.124828
113.33998,23.132735
113.32782,23.13328
113.34399,23.123678
113.33337,23.124698
113.33186,23.119505
113.35621,23.122957
113.3579,23.13097
113.3296,23.126087
113.34267,23.128202
113.32494,23.125103
113.33389,23.119335
113.34033,23.132542
113.33845,23.11889
113.33271,23.127592
113.34396,23.132271
113.34087,23.118587
113.33496,23.126666
113.32961,23.129316
113.32785,23.129549
113.32921,23.125079
113.34094,23.132497
113.3364,23.128737
113.32775,23.12932
113.33715,23.115962
113.35632,23.122954
113.3451,23.118043
113.33888,23.132651
113.34365,23.123714
113.33728,23.124347
113.33674,23.124391
113.32772,23.122618
113.32196,23.137577
113.32356,23.134623
113.32189,23.135938
113.33439,23.119293
113.34255,23.123833
113.33952,23.128448
113.34085,23.132503
113.32804,23.126673
113.32994,23.13779
113.32871,23.126603
113.35839,23.122909
113.33882,23.126366
113.33637,23.126549
113.32576,23.129761
113.33497,23.132944
113.32934,23.125066
113.34412,23.132259
113.33866,23.124229
113.34342,23.123739
113.35607,23.12296
113.34753,23.132035
113.34109,23.132485
113.3361,23.119167
113.32433,23.131834
113.32495,23.133953
113.32188,23.135754
113.34234,23.123848
113.33317,23.133052
113.3307,23.124944
113.33739,23.124338
113.33816,23.118926
113.3218,23.120342
113.35596,23.129103
113.33655,23.126534
113.33254,23.128552
113.33813,23.132707
113.34642,23.132106
113.33349,23.126864
113.33111,23.133175
113.34015,23.124101
113.35536,23.122975
113.33441,23.132982
113.34027,23.132546
113.32203,23.132158
113.33744,23.124334
113.34641,23.132106
113.32753,23.119866
113.33255,23.124792
113.33665,23.124397
113.33402,23.133004
113.3468,23.132081
113.348,23.117686
113.34422,23.123654
113.33831,23.124259
113.33786,23.118963
113.32588,23.128182
113.33288,23.133068
113.34397,23.13227
113.33087,23.133191
113.33709,23.098624
113.31547,23.12371
113.35301,23.123052
113.33656,23.124405
113.342,23.123891
113.33055,23.129228
113.35831,23.133537
113.33726,23.124348
113.34001,23.128402
113.33035,23.130417
113.3288,23.125123
113.33686,23.128693
113.32774,23.119849
113.34378,23.132285
113.35447,23.123632
113.32628,23.11997
113.34179,23.118469
113.34734,23.12332
113.32804,23.129524
113.33262,23.124784
113.3356,23.132897
113.35487,23.125107
113.32515,23.133853
113.32187,23.135527
113.34014,23.126273
113.33073,23.1332
113.35423,23.123001
113.35831,23.122911
113.34407,23.132263
113.33742,23.119019
113.34673,23.132086
113.34022,23.124095
113.33355,23.13303
113.33618,23.132853
113.32805,23.129422
113.32752,23.127814
113.3276,23.121853
113.32775,23.130714
113.32458,23.129982
113.35834,23.130901
113.35511,23.12298
113.33804,23.126421
113.3391,23.132635
113.35626,23.130214
113.3559,23.122963
113.35047,23.12316
113.34228,23.123861
113.34464,23.118102
113.3584,23.132312
113.35813,23.11515
113.32834,23.119798
113.34736,23.123318
113.33336,23.124699
113.32513,23.131618
113.35194,23.123097
113.34015,23.132555
113.35113,23.123132
113.32567,23.12534
113.34008,23.127819
113.32378,23.11926
113.3454,23.123527
113.32952,23.126367
113.34115,23.123987
113.34226,23.123864
113.34709,23.117787
113.33289,23.133067
113.35583,23.122965
113.33687,23.126508
113.32949,23.126796
113.32768,23.123495
113.32463,23.12539
113.33256,23.124791
113.33277,23.133074
113.35826,23.134244
113.34973,23.131893
113.3295,23.125049
113.33457,23.118214
113.33374,23.124656
113.3459,23.123474
113.35051,23.131824
113.33462,23.132097
113.35843,23.131885
113.3353,23.124506
113.33125,23.124901
113.3311,23.133176
113.33016,23.124987
113.32709,23.12527
113.33967,23.124143
113.32652,23.129685
113.33391,23.13301
113.32516,23.121881
113.32015,23.12009
113.33358,23.133029
113.35811,23.130937
113.32772,23.122541
113.32341,23.131964
113.34118,23.123983
113.33844,23.124248
113.32168,23.12563
113.35045,23.12316
113.35751,23.122928
113.33223,23.129097
113.35174,23.131694
113.35309,23.123049
113.32768,23.124117
113.3401,23.127453
113.34187,23.132398
113.34799,23.119197
113.33343,23.124691
113.35451,23.116892
113.35012,23.117462
113.34649,23.12341
113.35215,23.123089
113.32902,23.1251
113.33441,23.121633
113.34661,23.123398
113.34095,23.132496
113.34163,23.132445
113.3503,23.123167
113.33341,23.124693
113.34416,23.12366
113.3261,23.126863
113.33326,23.12471
113.35375,23.123021
113.34147,23.132457
113.33415,23.132996
113.34453,23.133774
113.33735,23.120034
113.33255,23.12559
113.3395,23.128449
113.3445,23.118119
113.34904,23.123229
113.34372,23.128124
113.33908,23.124193
113.34107,23.132487
113.32828,23.126648
113.32766,23.116487
113.34166,23.132443
113.34335,23.123747
113.34093,23.132497
113.34887,23.123238
113.34147,23.132457
113.34134,23.132467
113.33308,23.119403
113.3369,23.124378
113.34138,23.123961
113.32796,23.13347
113.33144,23.133154
113.35025,23.131851
113.33403,23.124623
113.34103,23.124001
113.34901,23.12323
113.32768,23.124975
113.33335,23.12901
113.35005,23.131178
113.33415,23.124599
113.34305,23.123779
113.32844,23.125161
113.32768,23.124857
113.32559,23.12353
113.32768,23.1182
113.34685,23.123373
113.35297,23.123054
113.33049,23.130775
113.34865,23.121618
113.33989,23.131566
113.33,23.129583
113.33783,23.132729
113.33671,23.124393
113.32956,23.125042
113.32949,23.126782
113.32452,23.119284
113.33592,23.132873
113.33342,23.124693
113.32207,23.119204
113.33747,23.128635
113.33412,23.124612
113.32842,23.125164
113.33931,23.126332
113.32789,23.126689
113.3358,23.124466
113.34546,23.132168
113.32778,23.126701
113.31882,23.1203
113.35183,23.123102
113.34278,23.118341
113.33886,23.126363
113.35851,23.130663
113.3487,23.123247
113.33118,23.133171
113.33708,23.132786
113.33361,23.12467
113.33258,23.124789
113.35159,23.118858
113.33805,23.124281
113.33799,23.120448
113.33225,23.119472
113.35004,23.130193
113.34433,23.123642
113.33508,23.124524
113.33785,23.124299
113.32769,23.125424
113.34742,23.116635
113.33968,23.118737
113.34835,23.123264
113.33243,23.129082
113.34812,23.123276
113.33497,23.124533
113.33433,23.124588
113.34514,23.123556
113.34069,23.124041
113.34989,23.131882
113.35138,23.123121
113.33794,23.12429
113.35773,23.122924
113.3311,23.133176
113.32974,23.129298
113.33599,23.132868
113.33119,23.132843
113.34997,23.123216
113.3406,23.132522
113.33195,23.124845
113.34398,23.12368
113.3353,23.124506
113.3328,23.124764
113.33613,23.124439
113.33818,23.132703
113.3517,23.123108
113.34793,23.119266
113.3391,23.126346
113.33306,23.124733
113.33508,23.132936
113.33112,23.124911
113.34699,23.132069
113.32568,23.133778
113.34085,23.132503
113.329,23.125102
113.33642,23.132835
113.3265,23.133666
113.32379,23.128416
113.32387,23.12995
113.3542,23.1217
113.34962,23.123199
113.33205,23.119489
113.32897,23.119746
113.33353,23.12468
113.35681,23.131146
113.34606,23.123457
113.33516,23.124518
113.33778,23.132733
113.32777,23.130543
113.35493,23.125351
113.35495,23.125404
113.33379,23.126816
113.32936,23.129349
113.3572,23.122935
113.32768,23.123807
113.34973,23.134594
113.33953,23.132602
113.33427,23.119304
113.35634,23.13121
113.33268,23.124777
113.32908,23.125093
113.32606,23.129731
113.3416,23.123934
113.33359,23.133028
113.34447,23.123627
113.33957,23.118751
113.34287,23.11833
113.33102,23.129191
113.33398,23.124627
113.34387,23.132277
113.32315,23.121916
113.32475,23.117623
113.33532,23.119225
113.35781,23.122922
113.34788,23.123289
113.33403,23.124623
113.32545,23.120039
113.33344,23.119373
113.35842,23.131963
113.35463,23.122991
113.35667,23.131168
113.31875,23.119097
113.33732,23.127078
113.34355,23.132301
113.34027,23.132546
113.34631,23.12343
113.33408,23.124617
113.35141,23.12312
113.35359,23.131499
113.35684,23.122943
113.32845,23.133421
113.35074,23.1318
113.35561,23.127829
113.33008,23.129774
113.35785,23.130979
113.34924,23.131924
113.32831,23.125175
113.33904,23.148211
113.32391,23.123564
113.33365,23.133025
113.33544,23.132909
113.33516,23.126649
113.35615,23.13123
113.33093,23.124926
113.33952,23.126316
113.3283,23.125176
113.33246,23.124803
113.3553,23.13132
113.34849,23.117636
113.35825,23.116242
113.35627,23.119725
113.33196,23.124844
113.34576,23.117958
113.33251,23.124796
113.35596,23.131251
113.35644,23.122952
113.33125,23.119556
113.34217,23.123873
113.35442,23.123466
113.35629,23.122955
113.34048,23.132531
113.33097,23.133184
113.35276,23.131587
113.34853,23.13197
113.35449,23.131405
113.3346,23.124563
113.33963,23.132594
113.33209,23.133113
113.33269,23.12775
113.32354,23.131946
113.34038,23.119998
113.33241,23.119459
113.34803,23.132002
113.35788,23.130974
113.34454,23.133541
113.35648,23.116678
113.34549,23.123518
113.35668,23.131166
113.33102,23.119575
113.34867,23.117617
113.35042,23.117421
113.33039,23.119628
113.33046,23.119622
113.35302,23.123052
113.33379,23.133017
113.348,23.123283
113.33248,23.129078
113.33108,23.124914
113.34356,23.118241
113.35546,23.131303
113.35739,23.131053
113.35178,23.131691
113.32553,23.121877
113.32216,23.109852
113.35553,23.127531
113.35832,23.133353
113.34056,23.114969
113.33411,23.132999
113.35887,23.122899
113.32634,23.121868
113.32775,23.133897
113.32332,23.130149
113.33152,23.133149
113.32484,23.121543
113.32459,23.133928
113.33605,23.124446
113.33932,23.126331
113.32773,23.12639
113.32994,23.119665
113.35166,23.123109
113.33061,23.131061
113.34136,23.123963
113.3295,23.12682
113.35699,23.131117
113.33732,23.126485
113.33495,23.128874
113.3499,23.119267
113.34343,23.132298
113.35055,23.13182
113.35144,23.123119
113.35765,23.131011
113.32315,23.13187
113.33797,23.126425
113.33084,23.11959
113.35289,23.131573
113.34118,23.132479
113.33507,23.132937
113.35703,23.122939
113.32924,23.125076
113.34912,23.139757
113.33914,23.121202
113.35561,23.12297
113.35627,23.130242
113.32959,23.128116
113.34688,23.12337
113.33199,23.119494
113.34336,23.123746
113.34892,23.131945
113.35795,23.130963
113.33697,23.119102
113.3241,23.12356
113.33393,23.133009
113.34244,23.123845
113.34643,23.117872
113.35041,23.118853
113.34983,23.123188
113.3541,23.123006
113.3338,23.124648
113.33828,23.124261
113.34255,23.128211
113.33351,23.124682
113.3252,23.129817
113.33784,23.124299
113.35434,23.131421
113.34993,23.123183
113.33913,23.124189
113.34537,23.123531
113.34873,23.123245
113.33362,23.133026
113.3462,23.123442
113.34549,23.123518
113.32553,23.120033
113.32924,23.125076
113.32855,23.141515
113.34008,23.132561
113.33411,23.132999
113.34212,23.132409
113.32182,23.132565
113.31976,23.128457
113.35955,23.110588
113.35448,23.131406
113.35134,23.131736
113.32312,23.121917
113.34691,23.11781
113.32999,23.12462
113.34011,23.124105
113.35838,23.132566
113.35003,23.12877
113.32313,23.134829
113.33089,23.133189
113.32859,23.175118
113.32775,23.128362
113.34046,23.132532
113.33455,23.129695
113.35842,23.130887
113.32397,23.134013
113.32406,23.13438
113.34822,23.117664
113.34265,23.123822
113.32667,23.133643
113.35389,23.123015
113.34456,23.133229
113.32272,23.123584
113.32697,23.12964
113.35825,23.122912
113.32769,23.121212
113.35686,23.132425
113.34214,23.132407
113.34065,23.124046
113.32514,23.131721
113.33214,23.13311
113.34616,23.123446
113.33879,23.118847
113.34986,23.13351
113.32494,23.125375
113.33213,23.124162
113.33083,23.121036
113.33963,23.126309
113.35701,23.122939
113.34444,23.12363
113.33455,23.124567
113.3552,23.131331
113.34846,23.117639
113.34532,23.123536
113.34585,23.132143
113.35035,23.123165
113.32974,23.125024
113.32968,23.12503
113.34086,23.118589
113.33292,23.126955
113.32915,23.133349
113.32788,23.134165
113.33726,23.121544
113.3439,23.123688
113.33245,23.124804
113.32468,23.118569
113.35707,23.151064
113.32784,23.133635
113.33438,23.126723
113.34013,23.12683
113.34042,23.118911
113.35138,23.121495
113.32566,23.126905
113.34025,23.123365
113.34596,23.123467
113.32771,23.122918
113.35203,23.131664
113.33062,23.131611
113.33708,23.124363
113.34863,23.12325
113.34121,23.12398
113.32778,23.130941
113.33567,23.118933
113.32894,23.119749
113.32577,23.133765
113.33105,23.119572
113.32384,23.12551
113.35824,23.130916
113.32981,23.133282
113.34001,23.130102
113.33821,23.132701
113.34553,23.132163
113.3588,23.125115
113.32921,23.12508
113.34079,23.108913
113.33135,23.119548
113.32796,23.13347
113.3539,23.117899
113.3313,23.119551
113.34942,23.117542
113.34737,23.122745
113.32768,23.124069
113.32117,23.119175
113.32817,23.12519
113.34045,23.124068
113.32951,23.127181
113.3268,23.133625
113.35831,23.133589
113.32484,23.121806
113.33961,23.132596
113.32771,23.122983
113.33712,23.12436
113.34979,23.12319
113.34432,23.118143
113.33031,23.119634
113.35752,23.149697
113.31097,23.127076
113.32072,23.12589
113.34024,23.124093
113.32742,23.125254
113.33194,23.133122
113.32768,23.125183
113.33207,23.119487
113.33755,23.13275
113.32769,23.123223
113.3498,23.134033
113.32773,23.126209
113.33333,23.124703
113.34058,23.124053
113.33307,23.124732
113.32831,23.129487
113.33402,23.12678
113.33062,23.131686
113.33323,23.124714
113.32966,23.128401
113.33914,23.124188
113.35841,23.132546
113.32897,23.127583
113.32568,23.126903
113.3319,23.124849
113.34145,23.123953
113.32988,23.129293
113.34697,23.123359
113.33051,23.133214
113.35263,23.120335
113.35828,23.133968
113.35782,23.122922
113.33373,23.13302
113.33665,23.132818
113.34736,23.123317
113.33847,23.132681
113.3588,23.125139
113.33953,23.121454
113.33471,23.126687
113.3304,23.124968
113.35897,23.121684
113.33398,23.124628
113.35496,23.125426
113.32768,23.123609
113.33107,23.124915
113.34802,23.123282
113.3487,23.131959
113.33361,23.133027
113.32837,23.119796
113.35885,23.124169
113.35865,23.128013
113.31967,23.120257
113.35286,23.120057
113.33594,23.132872
113.35848,23.131194
113.3314,23.124924
113.34995,23.131878
113.35484,23.125
113.35558,23.12297
113.34939,23.123211
113.34715,23.12334
113.3445,23.123623
113.34572,23.127973
113.34799,23.123283
113.34086,23.124021
113.3409,23.124017
113.34143,23.123954
113.34697,23.12336
113.32772,23.126055
113.32177,23.120252
113.35226,23.117176
113.34343,23.118257
113.34727,23.123328
113.34552,23.123515
113.32899,23.126573
113.33741,23.120065
113.32962,23.125036
113.32473,23.125555
113.35127,23.123126
113.3466,23.1234
113.35049,23.123159
113.33122,23.133168
113.32779,23.131749
113.33842,23.12425
113.3323,23.124817
113.34997,23.123584
113.32979,23.125018
113.3219,23.12857
113.34242,23.123847
113.34635,23.132262
113.35784,23.13098
113.32903,23.125099
113.35221,23.117258
113.3316,23.129146
113.34357,23.1323
113.34038,23.119891
113.32121,23.121952
113.3304,23.124968
113.35232,23.123082
113.3565,23.131193
113.33121,23.124904
113.34729,23.123325
113.34459,23.118109
113.33333,23.119382
113.34989,23.123185
113.32799,23.126679
113.34347,23.123715
113.33109,23.119569
113.35515,23.126125
113.3304,23.130548
113.35091,23.123141
113.33713,23.124359
113.33391,23.126798
113.32675,23.133632
113.34292,23.123793
113.35304,23.123051
113.3436,23.118235
113.33674,23.119103
113.32328,23.12009
113.31602,23.12009
113.34791,23.123287
113.34898,23.132398
113.34603,23.123461
113.35802,23.130952
113.35007,23.131709
113.34003,23.124112
113.3487,23.131959
113.3414,23.123957
113.35429,23.122917
113.32768,23.123558
113.33451,23.128057
113.34441,23.132237
113.32978,23.119679
113.32508,23.12966
113.34673,23.123385
113.35531,23.131319
113.33688,23.126507
113.34173,23.132437
113.34098,23.118572
113.32994,23.129275
113.33288,23.124755
113.33321,23.133049
113.33114,23.119565
113.33958,23.132599
113.32924,23.133341
113.33942,23.126297
113.35881,23.124868
113.33508,23.132936
113.35398,23.123011
113.33575,23.12447
113.33272,23.126439
113.33436,23.132985
113.33977,23.132584
113.34034,23.121192
113.33826,23.128563
113.33452,23.128057
113.34785,23.12329
113.34457,23.123616
113.34248,23.12384
113.33454,23.119282
113.35844,23.130885
113.32841,23.125164
113.33071,23.129219
113.35596,23.13125
113.33611,23.119166
113.32994,23.125004
113.32952,23.127535
113.33105,23.124917
113.33983,23.126295
113.34667,23.123392
113.32866,23.126608
113.36141,23.122844
113.33545,23.124495
113.35817,23.130927
113.34957,23.118973
113.34106,23.123997
113.32953,23.127836
113.34725,23.132052
113.33155,23.124877
113.33951,23.124156
113.33763,23.124318
113.32824,23.125183
113.3583,23.134789
113.35788,23.142766
113.31723,23.134938
113.32189,23.134298
113.33273,23.124771
113.34338,23.123743
113.35672,23.122945
113.31885,23.130453
113.32953,23.127779
113.34335,23.123746
113.35199,23.123095
113.32772,23.12612
113.34054,23.115229
113.35026,23.117443
113.33309,23.12473
113.34007,23.124109
113.35423,23.122203
113.33836,23.13269
113.33842,23.120728
113.32321,23.134118
113.34158,23.118495
113.3317,23.129138
113.34106,23.132488
113.33649,23.12441
113.35468,23.12299
113.33293,23.133065
113.34078,23.13813
113.35001,23.131875
113.34995,23.132711
113.35824,23.134512
113.33214,23.119482
113.34321,23.118286
113.35069,23.123151
113.32745,23.133535
113.34037,23.120244
113.32796,23.119831
113.31631,23.123755
113.35717,23.131088
113.36487,23.129856
113.32526,23.12536
113.32951,23.127156
113.3493,23.13192
113.34962,23.123199
113.33267,23.127852
113.33545,23.132908
113.33596,23.124453
113.35095,23.123139
113.35082,23.131791
113.32529,23.133832
113.355,23.125598
113.33447,23.128919
113.34112,23.123991
113.3568,23.122944
113.33732,23.132768
113.35034,23.123165
113.33083,23.129206
113.33273,23.124771
113.33392,23.126796
113.35304,23.123051
113.33484,23.124543
113.33216,23.133109
113.35773,23.141775
113.33865,23.126378
113.34028,23.124089
113.34065,23.118615
113.34264,23.123823
113.35539,23.127037
113.35493,23.131359
113.3562,23.122957
113.34433,23.136697
113.34026,23.12294
113.34392,23.132274
113.33139,23.12489
113.35747,23.131039
113.35363,23.114418
113.32701,23.133595
113.32639,23.13368
113.34965,23.123197
113.33676,23.121047
113.3408,23.124028
113.34175,23.123918
113.34505,23.123565
113.3454,23.132171
113.32803,23.126674
113.34203,23.126141
113.33393,23.119332
113.33643,23.124415
113.33848,23.132681
113.34804,23.12328
113.35255,23.131826
113.34032,23.118466
113.34948,23.121608
113.355,23.122983
113.35569,23.122968
113.34289,23.123796
113.33573,23.132887
113.34898,23.123232
113.33906,23.132637
113.32827,23.133439
113.32927,23.133337
113.32483,23.121585
113.34128,23.123972
113.32739,23.126739
113.34033,23.121429
113.33682,23.100092
113.33525,23.126642
113.33835,23.120684
113.35225,23.131641
113.33304,23.119406
113.33562,23.126611
113.34034,23.121276
113.33058,23.131
113.33684,23.124382
113.32319,23.121915
113.34537,23.123531
113.33776,23.12644
113.35693,23.122941
113.35106,23.123135
113.3254,23.129797
113.32097,23.13024
113.32808,23.133457
113.32819,23.137522
113.34171,23.123922
113.33049,23.124961
113.35827,23.122912
113.33922,23.132625
113.325,23.133929
113.33021,23.124983
113.33437,23.132984
113.3313,23.124896
113.32772,23.122825
113.3402,23.126269
113.33333,23.12689
113.32832,23.126644
113.34099,23.139491
113.34387,23.132278
113.34013,23.132557
113.3565,23.131194
113.33974,23.124137
113.33902,23.121121
113.34536,23.118009
113.33727,23.132772
113.3491,23.131933
113.3434,23.123742
113.34366,23.123714
113.34016,23.124101
113.33205,23.124837
113.33066,23.131177
113.35599,23.131247
113.34808,23.123278
113.35609,23.129586
113.33928,23.121291
113.332,23.124841
113.32453,23.119284
113.32258,23.135094
113.32976,23.128797
113.32961,23.125037
113.3396,23.129581
113.33488,23.12454
113.35004,23.131993
113.35819,23.13525
113.35107,23.131765
113.33007,23.129265
113.34908,23.131935
113.33167,23.13314
113.34046,23.124067
113.33984,23.124128
113.33172,23.124864
113.33242,23.133094
113.34777,23.132019
113.32971,23.128589
113.34022,23.124221
113.33988,23.124124
113.35795,23.130963
113.35187,23.131681
113.33263,23.128087
113.33735,23.132766
113.3296,23.128178
113.32759,23.121853
113.34039,23.135482
113.34824,23.131989
113.32467,23.121888
113.33855,23.118878
113.32768,23.123417
113.34978,23.13422
113.32961,23.126047
113.32768,23.123544
113.35925,23.122891
113.3586,23.12888
113.35084,23.123144
113.33153,23.133149
113.32837,23.126639
113.3222,23.143028
113.32937,23.126533
113.35774,23.141642
113.32178,23.117681
113.33112,23.124911
113.32791,23.125217
113.32171,23.120445
113.35485,23.125022
113.35462,23.124196
113.34921,23.091675
113.33694,23.10608
113.32481,23.119722
113.32867,23.126607
113.34563,23.123502
113.33558,23.124484
113.34752,23.123307
113.34153,23.118502
113.32777,23.126701
113.35802,23.137677
113.35791,23.111313
113.34052,23.132528
113.3431,23.132335
113.34985,23.131885
113.33815,23.124272
113.33371,23.126829
113.34837,23.123263
113.33958,23.124151
113.35757,23.131024
113.31973,23.130313
113.33983,23.132579
113.34445,23.132234
113.32519,23.120061
113.32961,23.125038
113.33056,23.133211
113.33054,23.132384
113.33363,23.133026
113.35841,23.132102
113.3305,23.132759
113.32665,23.125292
113.34542,23.13217
113.34801,23.123282
113.35264,23.123068
113.35884,23.1229
113.32452,23.13416
113.32511,23.130663
113.32357,23.134617
113.32831,23.125175
113.35315,23.121367
113.35005,23.131196
113.32947,23.151784
113.34438,23.123637
113.33943,23.128456
113.34769,23.132024
113.33063,23.131582
113.33371,23.124659
113.35356,23.119988
113.35154,23.123114
