113.33,23.127,29,39,25
113.33,23.125,30,40,34
113.33,23.125,30,31,23
113.33,23.133,34,35,28
113.33,23.129,37,43,24
113.33,23.125,45,50,37
113.33,23.125,40,45,25
113.33,23.125,40,45,25
113.33,23.12,33,53,29
113.34,23.133,47,61,30
113.34,23.133,47,61,30
113.34,23.133,47,61,30
113.34,23.127,49,55,21
113.34,23.124,50,56,24
113.33,23.125,50,56,24
113.34,23.124,56,64,24
113.34,23.124,56,64,24
113.34,23.133,61,68,24
113.34,23.132,61,68,24
113.35,23.132,68,74,32
113.35,23.132,68,74,32
113.34,23.124,64,69,26
113.34,23.124,69,71,36
113.34,23.124,69,71,36
113.35,23.124,69,71,36
113.35,23.123,71,76,26
113.35,23.123,71,76,26
113.34,23.118,66,73,36
113.35,23.132,74,84,25
113.35,23.131,74,84,25
113.36,23.129,84,85,23
113.35,23.123,76,85,36
113.35,23.123,76,85,36
113.36,23.131,84,88,40
113.36,23.118,88,89,28
113.36,23.123,85,89,26
113.37,23.123,85,89,26
113.33,23.133,35,47,34
