0,0,0,0,-0.01725,0,0,0.039,0.03225,0.02625,0.0345,-0.02625,0.084,0.01275,0.063,0.01425,0.024,0.02775,0.06,0.021,0.02925,0.06,0.01725,0,0,0,0,0,0,0,0,0,0,0
0,0,0.00375,0.04125,0,0,0.04425,0.01875,0.07125,0.1035,0.2595,0.0915,0.0855,0.17175,0.17925,0.1965,0.0915,0.1905,0.17475,0.14925,0.009,0.15825,0.14025,0.00375,0,0,0,0,0,0,0,0,0,0
0,0,0.0225,0,0,0.03375,0.0195,0.09225,0.144,0.1755,0.35475,0.23625,0.255,0.23025,0.28725,0.249,0.23775,0.19575,0.228,0.114,0.2595,0.321,0.174,0.21,0.078,0,0,0,0,0,0,0,0,0
0,0,0,0,0.02475,0.0465,0.02025,0.03525,0.189,0.0585,0.11175,0.34275,0.1605,0.1845,0.126,0.05325,0.1515,0.2355,0.18825,0.26925,0.192,0.1815,0.17775,0.114,0.02475,0.018,0,0,0,0,0,0,0,0
0,0,0,0,0,0.0165,0.009,0.01725,0.006,0.114,0.0825,0.0585,0.042,0.10725,0.096,0.09975,0.0195,0.1065,0.16125,0.09225,0.04425,0.099,0.10125,0.0555,0,0,0,0,0,0,0,0,0,0
0,0,0,0,0,0,0.05325,0.12825,0.1485,0.18,0.192,0.186,0.11025,0.1395,0.14025,0.1995,0.11775,0.1035,0.15525,0.16425,0.16875,0.22425,0.18375,0.07125,0.11625,0.00975,0,0,0,0,0,0,0,0
0,0,0,0,0.018,0.0075,0.03,0.06675,0.1455,0.19425,0.11625,0.126,0.135,0.14925,0.126,0.18075,0.063,0.18075,0.1125,0.228,0.15975,0.225,0.1485,0.12,0.03075,0.00225,0,0,0,0,0,0,0,0
0,0,0,0,0,0,0.006,0.04725,0.036,0,0.039,0.117,0.03225,0.048,0.045,0.02325,0,0.024,0.051,0.1155,0.066,0.01875,0.01125,0.00975,0.018,0,0,0,0,0,0,0,0,0
0,0,0,0,-0.0195,0,0.06375,0.04125,0.0075,0.117,0.0705,0.021,0.129,0.10725,0.087,0.04125,0.09525,0.081,0.06225,0.078,0.05925,0.07725,0.0675,0.0345,0,0,0,0,0,0,0,0,0,0
0,0,0,0,0,-0.0195,0.015,0,0,0.0615,0.02925,0.0825,0.0015,0.0225,0.05475,0.0255,0.09225,0.02625,0.039,0.0255,0.0765,0.08325,0.015,0,0,0,0,0,0,0,0,0,0,0
0,0,0,0,0,0.021,0,0.07575,0.06825,0.18525,0.117,0.07425,0.13875,0.0855,0.144,0.17475,0.16725,0.08925,0.09075,0.12375,0.13875,0.12375,0.144,0.108,0,0,0,0,0,0,0,0,0,0
0,0,0.015,0.01875,0.00525,0.036,0.11775,0.14925,0.34275,0.28725,0.61425,0.3555,0.333,0.29625,0.29175,0.519,0.32775,0.31125,0.47025,0.318,0.39225,0.37125,0.38625,0.37575,0.08025,0,0,0,0,0,0,0,0,0
