0,0,0,0,0,0,0,0,0,0,0,0,0,0,0,0,0,0,0,0,0,0,0,0,0,0,0,0,0,0,0,0,0,0
0,0,0,0,0,0,0,0,0,0,0,0,0,0,0,0,0,0,0,0,0,0,0,0,0,0,0,0,0,0,0,0,0,0
0,0,0,0,0,0,0,0.0195,0.084,0.06825,0.10425,0.1365,0.03975,0.0315,0,0,0,0,0,0,0,0,0,0,0,0,0,0,0,0,0,0,0,0
0,0,0,0,0,0,0,0.01125,0.08025,0.03975,0.102,0.15,0.063,0.00225,0,0.02625,0,0.01725,0.00375,0,0,0,0,0,0,0,0,0,0,0,0,0,0,0
0,0,0,0,0,0,0,0,0.10275,0.03825,0.0585,0.08025,0.02025,0,0,-0.00375,0.0255,0,0,0,0,0,0,0,0,0,0,0,0,0,0,0,0,0
0,0,0,0,0,0,0,0,0.02625,0.0345,0.05775,0.0315,0.06225,0.01125,0.02625,0,0,0,0.01275,0.01725,0,0,0,0,0,0,0,0,0,0,0,0,0,0
0,0,0,0,0,0,0,0.06975,0.04425,0.06075,0.0375,0.009,0.01725,0.018,0.02025,0,0,0,0,0,0,0,0,0,0,0,0,0,0,0,0,0,0,0
0,0,0,0,0,0,0,0,0,0,0,0,0,0,0,0,0,0,0,0,0,0,0,0,0,0,0,0,0,0,0,0,0,0
0,0,0,0,0,0,0,0,0.024,0,0,0.0075,0.033,0,0,0,0,0,0,0,0,0,0,0,0,0,0,0,0,0,0,0,0,0
0,0,0,0,0,0,0,0,0,0,0,0,0,0,0,0,0,0,0,0,0,0,0,0,0,0,0,0,0,0,0,0,0,0
0,0,0,0,0,0,0,0.02175,0.01875,0.02025,0.0705,0.02475,0,0,0,0,0,0,0,0,0,0,0,0,0,0,0,0,0,0,0,0,0,0
0,0,0,0.00075,0.0255,0.02625,0,0.00375,0.18225,0.207,0.13425,0.1245,0.0735,0.00675,0,0,0,0,0,0,0,0,0,0,0,0,0,0,0,0,0,0,0,0
