39.8,39.8,39.8,39.8,39.8,39.8,39.8,39.8,29.803,39.8,29.803,30.891,39.8,39.8,30.891,30.891,29.803,39.8,29.803,29.803,39.8,29.803,30.891,30.891,39.8
39.8,39.8,39.8,39.8,39.8,39.8,39.8,39.8,29.803,29.803,30.891,28.63,39.8,39.8,30.891,29.803,29.803,39.8,29.127,29.127,39.8,29.803,29.803,29.803,39.8
39.8,39.8,39.8,39.8,39.8,39.8,39.8,39.8,30.891,29.803,39.8,39.8,39.8,29.803,39.8,39.8,39.8,29.803,28.63,29.803,39.8,29.803,39.8,28.63,30.891
39.8,39.8,39.8,39.8,39.8,39.8,39.8,39.8,39.8,39.8,39.8,39.8,39.8,29.803,39.8,39.8,39.8,29.803,29.803,39.8,39.8,39.8,39.8,29.803,39.8
39.8,39.8,39.8,39.8,39.8,39.8,39.8,39.8,39.8,39.8,39.8,30.891,39.8,29.803,39.8,39.8,39.8,29.803,30.891,39.8,39.8,39.8,39.8,29.803,39.8
39.8,39.8,39.8,39.8,39.8,39.8,30.891,39.8,39.8,30.891,30.891,29.127,30.891,29.127,30.891,27.906,29.803,28.63,29.803,29.803,30.891,29.803,30.891,28.63,29.127
39.8,39.8,39.8,30.891,39.8,30.891,28.235,26.957,25.819,25.712,24.935,25.932,26.311,29.127,26.609,27.906,26.957,26.455,26.311,24.795,25.009,26.051,26.177,27.156,26.311
39.8,39.8,39.8,30.891,39.8,30.891,28.235,26.609,25.819,25.712,24.795,26.051,26.455,27.906,26.776,27.624,26.776,26.609,26.311,24.601,25.085,25.932,26.311,26.609,26.311
39.8,39.8,39.8,39.8,39.8,39.8,29.803,29.803,29.127,27.156,26.776,28.63,29.803,28.235,29.127,29.127,29.127,27.624,28.63,28.63,29.127,30.891,29.127,29.803,30.891
39.8,39.8,39.8,39.8,39.8,39.8,39.8,39.8,39.8,29.803,30.891,27.624,39.8,29.127,39.8,28.63,30.891,29.803,39.8,29.803,29.127,29.127,30.891,29.803,30.891
39.8,39.8,30.891,39.8,39.8,39.8,39.8,29.127,29.127,29.127,30.891,29.127,29.803,27.906,30.891,30.891,30.891,29.803,28.63,30.891,30.891,28.235,29.803,28.63,28.235
39.8,39.8,30.891,39.8,39.8,39.8,30.891,29.803,28.235,26.957,28.63,28.63,28.235,27.906,29.127,27.624,27.156,27.377,27.156,26.177,30.891,27.377,29.803,28.235,27.624
39.8,39.8,39.8,39.8,39.8,39.8,39.8,30.891,30.891,28.235,28.63,29.127,29.127,30.891,29.127,30.891,29.803,28.63,29.803,27.624,30.891,30.891,29.803,29.803,29.803
39.8,39.8,39.8,29.127,30.891,39.8,27.624,28.63,27.906,26.957,26.957,27.624,27.156,28.63,28.63,29.803,29.127,28.63,26.957,27.377,27.624,27.156,28.235,27.906,29.127
39.8,39.8,39.8,39.8,39.8,30.891,39.8,30.891,29.127,28.63,30.891,29.127,29.127,26.957,27.906,27.624,28.235,28.235,28.63,26.957,28.63,28.235,28.63,27.156,29.127
39.8,39.8,39.8,39.8,39.8,39.8,39.8,30.891,29.803,29.127,29.127,29.127,30.891,29.803,30.891,29.127,30.891,30.891,28.63,29.127,29.803,28.63,30.891,28.235,30.891
39.8,39.8,29.803,39.8,39.8,39.8,27.624,27.906,27.156,26.957,26.177,28.235,27.624,28.63,27.624,28.63,27.906,27.624,26.177,25.61,26.776,29.803,26.776,26.609,29.127
39.8,39.8,39.8,39.8,39.8,39.8,39.8,30.891,39.8,29.803,39.8,30.891,30.891,39.8,39.8,39.8,39.8,30.891,28.63,39.8,39.8,29.127,29.803,39.8,39.8
39.8,39.8,39.8,30.891,39.8,39.8,29.803,30.891,39.8,29.127,29.803,29.803,30.891,30.891,39.8,29.803,30.891,28.63,28.235,27.906,39.8,27.906,27.906,29.803,29.127
39.8,39.8,39.8,39.8,39.8,39.8,39.8,39.8,39.8,39.8,39.8,39.8,39.8,39.8,39.8,39.8,39.8,39.8,39.8,39.8,39.8,29.803,39.8,39.8,39.8
39.8,39.8,39.8,39.8,39.8,39.8,39.8,30.891,30.891,30.891,30.891,29.127,39.8,28.235,28.63,39.8,30.891,29.127,29.803,28.63,30.891,28.63,30.891,30.891,29.803
39.8,39.8,39.8,30.891,39.8,39.8,39.8,29.803,29.803,28.63,29.127,29.127,29.127,28.235,28.63,29.127,29.803,27.156,29.127,27.156,29.127,27.377,28.63,27.906,28.235
39.8,39.8,30.891,39.8,30.891,39.8,29.127,30.891,28.63,27.624,29.803,27.624,29.127,27.377,29.803,27.906,27.906,28.235,27.624,27.906,29.127,27.906,29.127,28.235,28.235
39.8,39.8,30.891,39.8,30.891,39.8,29.127,29.127,28.63,26.776,29.803,26.776,28.235,26.776,29.127,26.957,27.377,26.776,26.776,26.609,28.235,27.377,28.63,28.235,28.235
39.8,39.8,39.8,30.891,39.8,30.891,26.455,26.455,25.085,24.367,24.059,24.864,25.61,27.377,26.957,27.156,26.776,26.051,24.795,23.833,24.059,26.051,25.513,25.932,25.61
39.8,39.8,39.8,39.8,39.8,39.8,29.127,29.127,28.235,27.906,29.127,28.235,29.127,29.127,29.803,29.803,28.63,29.803,29.127,27.377,30.891,30.891,39.8,29.127,29.803
39.8,39.8,39.8,39.8,39.8,39.8,29.127,30.891,27.624,27.624,26.776,27.377,27.624,27.377,26.609,28.63,27.906,27.906,27.906,26.609,26.957,27.906,27.906,27.156,27.377
39.8,39.8,39.8,39.8,39.8,39.8,28.63,28.63,27.156,26.455,26.957,26.051,26.957,26.177,27.377,26.776,26.776,26.455,26.311,25.932,27.377,27.377,27.906,26.776,27.156
39.8,39.8,39.8,29.803,39.8,39.8,27.377,28.235,27.156,25.819,26.776,25.42,26.455,26.311,28.235,26.051,27.906,26.455,25.819,25.513,26.957,26.051,27.156,26.311,27.156
39.8,39.8,39.8,39.8,39.8,39.8,29.803,29.803,29.127,27.377,27.377,27.377,28.235,26.957,28.63,28.63,27.624,27.377,27.906,26.455,29.803,28.63,29.127,29.803,27.377
39.8,39.8,30.891,39.8,39.8,30.891,30.891,29.127,27.624,27.906,27.906,27.906,27.156,27.906,29.127,27.624,27.156,27.906,26.609,26.609,27.906,26.609,29.127,26.957,27.906
39.8,39.8,39.8,39.8,39.8,39.8,29.803,29.127,29.127,29.803,27.624,27.906,27.906,27.156,29.127,29.127,27.906,27.624,27.906,27.156,30.891,28.63,29.803,29.127,28.235
39.8,39.8,39.8,29.127,30.891,39.8,27.624,29.127,27.906,26.455,26.776,27.377,27.156,28.63,28.63,29.127,30.891,28.63,26.957,26.776,27.624,27.156,27.906,27.906,29.803
39.8,39.8,39.8,39.8,39.8,39.8,29.803,29.127,29.803,29.127,27.156,28.63,28.63,27.156,29.127,29.803,27.624,27.624,27.906,26.957,29.127,28.63,29.803,29.803,28.63
39.8,39.8,30.891,29.803,39.8,39.8,27.156,26.177,25.819,25.42,24.664,25.513,26.051,25.712,25.61,25.932,25.712,25.61,24.664,23.833,24.935,26.051,26.051,24.729,26.776
39.8,39.8,30.891,29.803,39.8,39.8,26.776,26.177,26.177,25.61,24.664,25.819,26.957,25.932,26.455,26.609,25.819,25.513,24.935,24.012,25.009,26.311,26.311,25.61,26.609
39.8,39.8,30.891,39.8,39.8,39.8,30.891,29.127,29.127,29.127,27.624,29.803,30.891,29.127,30.891,30.891,29.127,29.803,28.63,27.624,28.63,30.891,27.906,29.803,30.891
39.8,39.8,39.8,29.803,39.8,39.8,28.235,28.235,29.127,26.776,26.311,26.455,29.127,26.455,27.906,27.624,26.776,26.177,26.957,25.42,26.311,26.776,27.624,26.957,27.377
39.8,39.8,39.8,39.8,30.891,39.8,29.803,28.63,29.127,29.127,27.156,28.235,28.235,28.235,27.624,28.63,27.906,28.63,27.156,29.127,27.906,27.906,27.624,28.63,28.63
39.8,39.8,39.8,30.891,30.891,30.891,28.63,27.906,27.906,26.776,26.455,26.776,28.235,26.311,27.624,28.235,27.156,25.819,25.932,26.051,27.156,27.377,27.377,26.609,27.377
39.8,39.8,30.891,39.8,30.891,39.8,29.803,29.803,27.624,26.957,26.776,26.311,29.127,28.235,30.891,27.156,28.63,26.776,26.455,25.932,27.906,26.177,27.624,26.957,28.235
39.8,39.8,30.891,39.8,39.8,30.891,29.127,26.957,25.513,25.932,24.729,24.601,25.009,25.712,26.609,26.177,26.177,25.819,24.729,25.42,24.664,25.712,26.177,26.776,25.513
39.8,39.8,39.8,39.8,29.803,30.891,28.63,25.932,26.455,25.331,24.424,24.864,25.246,26.051,27.156,26.311,26.177,26.051,25.085,24.664,24.012,25.819,25.712,26.609,25.712
39.8,39.8,30.891,30.891,30.891,39.8,26.957,25.513,24.935,23.749,23.708,24.208,24.864,25.712,25.164,25.819,25.61,25.164,24.059,23.515,23.876,25.331,25.164,25.712,24.795
39.8,39.8,29.803,26.957,28.63,28.63,26.455,24.795,24.208,22.859,22.346,21.959,22.94,23.407,24.664,24.313,25.331,23.876,23.145,22.387,21.83,22.43,23.876,23.442,25.009
39.8,39.8,39.8,39.8,39.8,39.8,39.8,39.8,39.8,39.8,39.8,39.8,39.8,39.8,39.8,39.8,39.8,39.8,39.8,39.8,39.8,39.8,39.8,39.8,39.8
39.8,39.8,30.891,30.891,39.8,39.8,27.624,26.177,25.164,23.833,23.966,24.664,25.513,25.932,25.932,25.712,25.932,25.819,24.157,23.966,24.26,26.051,25.712,25.712,25.164
39.8,39.8,29.803,26.957,28.63,28.63,26.311,24.935,24.012,22.94,22.43,21.877,22.968,23.272,24.481,24.367,25.164,23.628,23.145,22.408,21.83,22.346,23.749,23.478,24.664
39.8,39.8,39.8,30.891,39.8,39.8,28.235,27.624,26.609,25.331,26.311,25.009,26.051,25.331,27.906,25.932,26.776,26.957,25.42,24.795,26.311,25.932,27.156,26.051,26.311
39.8,39.8,30.891,29.803,39.8,39.8,27.156,26.177,25.246,24.157,24.108,24.601,25.513,26.609,26.177,25.42,26.051,25.932,23.876,24.367,24.367,26.177,25.712,25.819,25.164
39.8,39.8,29.127,27.156,28.235,28.235,26.455,24.601,24.059,22.755,22.246,21.862,22.705,23.145,23.79,24.012,24.54,23.272,22.94,22.208,21.452,22.305,23.207,23.055,24.26
39.8,39.8,39.8,39.8,39.8,39.8,39.8,29.127,28.63,27.624,29.803,28.235,27.624,28.235,28.63,29.127,28.63,27.906,27.377,27.906,27.377,27.624,28.63,27.377,27.906
39.8,39.8,29.803,29.803,39.8,30.891,26.957,25.932,24.935,24.012,23.92,24.424,24.935,25.932,26.051,25.085,25.331,25.61,23.59,23.668,24.424,25.331,25.61,25.246,24.935
39.8,39.8,28.63,27.156,28.63,28.235,26.311,25.009,24.208,22.859,22.227,21.926,22.806,22.997,23.876,23.833,24.481,23.515,23.145,22.17,21.639,22.227,23.025,23.478,23.966
39.8,39.8,28.63,26.455,29.127,27.377,25.61,24.601,23.79,22.473,21.877,21.862,22.609,22.78,23.749,23.59,24.481,23.338,22.832,21.815,21.583,22.01,22.78,23.114,23.668
39.8,39.8,30.891,27.156,28.235,28.235,25.42,24.012,23.207,22.208,21.477,21.53,22.17,22.755,23.145,23.207,23.668,23.114,22.326,21.725,21.328,21.784,22.43,23.114,23.025
39.8,39.8,29.803,28.63,39.8,29.803,27.624,27.624,26.776,24.864,26.311,25.819,26.311,25.819,27.377,26.311,27.156,25.932,24.935,24.54,26.051,25.712,25.932,25.42,26.455
39.8,39.8,29.803,29.127,29.803,27.624,26.609,25.712,23.833,23.515,22.806,22.585,22.346,23.515,23.708,25.42,24.208,24.26,23.442,22.859,22.062,21.91,22.585,23.305,23.552
39.8,39.8,29.803,26.957,27.624,26.776,25.331,23.628,22.366,21.639,20.858,20.858,20.837,21.625,22.266,22.705,22.632,22.585,21.681,21.245,20.477,20.577,21.166,22.097,21.976
39.8,39.8,39.8,39.8,39.8,39.8,39.8,39.8,30.891,27.906,30.891,28.63,30.891,30.891,30.891,29.803,39.8,30.891,30.891,28.63,30.891,29.127,29.803,29.127,29.803
39.8,39.8,39.8,39.8,39.8,39.8,39.8,39.8,39.8,39.8,39.8,39.8,39.8,30.891,39.8,30.891,30.891,39.8,39.8,30.891,30.891,29.803,30.891,30.891,30.891
39.8,39.8,29.127,27.156,28.235,27.624,26.311,23.833,23.59,22.189,21.625,21.477,22.54,22.968,24.54,23.708,24.367,23.442,22.54,21.639,21.316,22.227,23.338,23.084,23.833
39.8,39.8,39.8,39.8,39.8,39.8,29.803,29.803,29.803,30.891,29.127,27.377,28.235,29.127,39.8,28.235,30.891,28.235,28.235,27.906,28.63,29.127,30.891,28.63,28.63
39.8,39.8,39.8,39.8,39.8,39.8,30.891,29.803,29.803,28.235,27.377,29.127,28.63,28.235,30.891,29.127,29.803,27.624,27.906,27.624,27.906,28.235,30.891,27.906,27.906
39.8,39.8,30.891,30.891,39.8,30.891,27.624,29.127,29.127,26.177,26.311,26.455,25.819,26.177,26.609,27.377,26.455,26.609,25.42,25.246,25.513,26.051,25.932,26.311,25.819
39.8,39.8,30.891,30.891,29.803,29.803,29.803,28.235,27.156,26.311,26.776,26.957,26.776,25.932,26.455,26.609,26.957,25.819,26.177,26.455,26.311,26.609,26.957,26.311,26.177
39.8,39.8,30.891,39.8,30.891,30.891,27.906,26.776,26.609,24.26,24.864,24.481,25.42,24.664,25.932,25.009,25.932,25.61,24.864,23.372,24.664,24.795,25.819,24.664,25.164
39.8,39.8,39.8,39.8,30.891,39.8,28.63,27.624,26.455,25.331,24.601,25.712,25.42,25.61,26.311,24.935,25.819,26.051,25.42,24.208,26.051,24.601,26.177,25.085,25.819
39.8,39.8,30.891,39.8,29.803,29.803,29.127,29.127,27.906,26.455,27.156,27.906,29.803,27.906,27.377,27.377,27.624,26.609,27.377,27.624,26.776,27.624,30.891,28.235,27.156
39.8,39.8,30.891,30.891,29.803,29.803,27.156,27.156,25.819,24.367,24.26,25.085,25.246,25.009,25.819,25.331,25.085,25.009,25.009,23.407,25.42,24.795,25.42,25.085,25.085
39.8,39.8,30.891,29.803,30.891,29.127,28.63,28.235,28.63,25.712,25.61,26.957,25.932,26.957,27.156,27.156,26.311,26.957,26.455,25.819,26.455,27.377,27.624,26.957,27.156
39.8,39.8,39.8,39.8,30.891,39.8,30.891,30.891,28.235,27.906,28.235,27.906,29.127,29.803,27.906,26.957,28.63,26.957,27.906,27.906,27.624,29.803,29.803,27.624,27.156
39.8,39.8,28.63,28.235,30.891,27.377,26.177,24.481,23.966,22.68,22.562,22.097,22.17,23.176,23.79,24.108,24.795,23.668,23.114,22.285,21.815,21.71,22.68,23.176,23.668
39.8,39.8,28.63,27.624,29.803,26.957,25.42,24.54,23.59,22.517,22.346,22.062,22.027,23.055,23.478,24.108,23.876,23.272,22.705,21.992,21.653,21.667,22.562,22.78,23.272
39.8,39.8,29.803,39.8,29.127,29.803,29.803,30.891,29.803,27.906,28.63,29.127,29.803,29.803,29.127,29.127,27.906,26.957,27.377,27.377,27.377,28.63,27.906,28.235,28.63
39.8,39.8,30.891,39.8,30.891,39.8,29.803,27.906,27.624,26.776,26.311,25.819,27.624,26.455,26.776,26.311,26.776,25.932,26.455,26.609,26.455,27.906,26.776,26.776,26.609
39.8,39.8,30.891,39.8,30.891,39.8,30.891,29.127,27.906,27.906,26.957,26.177,27.906,26.311,26.957,26.455,26.957,26.311,27.377,27.624,26.957,29.803,26.957,26.776,26.455
39.8,39.8,30.891,39.8,39.8,39.8,30.891,29.803,28.63,27.624,27.624,27.377,25.932,25.932,26.776,26.957,27.377,26.455,26.455,28.235,27.156,27.624,27.156,27.156,26.776
39.8,39.8,30.891,30.891,30.891,30.891,29.127,27.156,26.776,25.61,25.331,24.54,24.864,25.164,25.513,25.513,25.246,24.935,25.164,24.208,25.42,25.085,25.164,25.009,25.61
39.8,39.8,29.127,30.891,30.891,29.803,26.776,26.311,25.513,24.54,23.749,25.513,25.61,25.085,26.311,26.455,26.776,26.177,24.481,24.729,24.481,24.208,25.009,26.177,25.819
39.8,39.8,27.624,27.377,27.906,26.957,26.609,23.515,23.084,21.754,21.543,21.815,22.346,23.239,23.749,23.966,23.442,23.114,22.43,21.132,21.583,22.366,23.084,23.084,23.478
39.8,39.8,39.8,39.8,29.803,39.8,29.127,26.957,26.609,25.42,24.729,25.819,26.311,26.311,26.957,26.776,28.63,26.455,25.712,25.009,24.729,25.932,26.957,26.609,27.906
39.8,39.8,39.8,39.8,39.8,30.891,29.127,27.906,26.311,25.085,24.54,24.795,25.164,25.246,25.42,25.932,25.331,26.311,25.164,24.864,25.246,25.819,25.819,25.712,25.712
39.8,39.8,30.891,39.8,30.891,39.8,27.906,29.803,27.377,27.156,26.609,26.455,26.609,28.63,27.377,27.377,26.957,28.63,26.177,26.051,25.819,27.156,26.776,27.624,26.776
39.8,39.8,39.8,29.803,29.127,39.8,27.624,28.63,27.156,27.156,26.957,27.156,26.455,28.235,26.957,27.377,26.957,27.906,26.051,25.513,25.61,27.377,27.156,28.63,26.455
39.8,39.8,39.8,30.891,29.803,39.8,39.8,30.891,28.63,29.803,30.891,28.63,28.63,29.803,29.127,27.624,30.891,29.803,27.377,27.906,30.891,28.63,39.8,29.127,29.803
39.8,39.8,39.8,30.891,39.8,39.8,28.235,27.906,25.331,24.935,25.085,25.513,25.712,25.513,26.311,26.051,26.051,25.819,25.164,24.108,25.61,25.164,25.712,25.819,25.513
39.8,39.8,39.8,39.8,39.8,39.8,28.235,28.63,26.051,25.932,25.513,25.819,26.455,26.455,26.177,26.455,26.609,26.311,25.61,24.664,26.051,25.712,25.246,26.051,25.61
39.8,39.8,30.891,39.8,39.8,30.891,28.63,27.377,26.455,24.935,24.864,25.009,25.331,25.513,26.051,25.712,25.932,26.051,25.331,25.331,25.164,26.455,26.609,25.712,25.819
39.8,39.8,39.8,39.8,39.8,39.8,39.8,30.891,29.127,29.127,28.63,30.891,29.127,28.63,29.127,27.624,29.803,27.906,29.127,27.906,27.906,27.156,30.891,29.803,28.63
39.8,39.8,28.63,29.127,29.127,27.377,26.609,24.424,24.157,22.705,22.473,21.91,22.451,23.207,24.481,24.108,25.009,23.966,23.239,22.189,21.815,21.846,23.025,23.025,23.92
39.8,39.8,29.803,28.63,27.906,27.624,26.776,23.966,24.012,22.517,22.189,21.696,22.408,22.94,24.367,23.749,24.795,23.92,23.055,22.027,21.556,21.877,23.207,23.055,23.59
39.8,39.8,30.891,39.8,39.8,30.891,27.377,26.455,25.246,24.26,23.668,23.92,24.367,24.864,24.729,25.246,24.864,24.729,24.367,23.749,23.966,24.864,24.313,24.54,24.664
39.8,39.8,39.8,39.8,29.127,39.8,29.803,28.235,28.235,25.61,25.513,25.819,26.051,25.819,26.609,26.051,26.051,26.051,25.819,25.61,25.513,25.712,26.177,26.609,26.177
39.8,39.8,29.803,39.8,39.8,39.8,39.8,27.377,27.377,25.246,24.864,25.61,25.513,26.311,26.051,26.455,26.609,25.932,25.712,24.601,25.246,25.819,25.513,26.051,26.455
39.8,39.8,39.8,39.8,30.891,39.8,39.8,39.8,30.891,29.127,29.803,30.891,29.803,28.63,30.891,30.891,39.8,30.891,29.803,27.906,30.891,29.803,30.891,39.8,29.127
39.8,39.8,39.8,39.8,39.8,39.8,39.8,39.8,30.891,39.8,39.8,30.891,39.8,39.8,39.8,39.8,39.8,39.8,39.8,39.8,39.8,30.891,39.8,39.8,39.8
39.8,39.8,39.8,39.8,29.803,39.8,30.891,29.803,29.803,26.957,26.177,26.455,26.609,26.455,27.156,26.609,27.156,26.609,26.957,27.377,27.624,26.776,26.776,26.957,27.377
39.8,39.8,39.8,39.8,29.803,39.8,30.891,29.803,28.63,26.957,26.311,26.177,26.455,26.311,26.776,27.377,27.624,26.776,26.455,27.156,28.235,26.957,26.776,27.156,27.156
39.8,39.8,39.8,39.8,39.8,39.8,39.8,29.803,39.8,29.127,39.8,29.803,30.891,29.127,29.127,28.63,29.803,28.63,29.803,29.803,29.127,29.127,28.63,28.235,29.127
39.8,39.8,29.803,39.8,39.8,39.8,39.8,27.906,27.906,27.906,26.051,27.156,27.156,27.377,28.63,28.235,27.624,28.63,26.957,25.932,26.177,27.377,27.624,27.906,27.624
39.8,39.8,29.803,39.8,39.8,39.8,39.8,27.377,27.624,27.624,26.177,26.957,27.156,27.377,28.235,28.63,26.957,27.906,27.156,25.513,25.819,27.156,27.624,27.377,26.776
39.8,39.8,29.803,30.891,39.8,30.891,39.8,26.776,27.377,26.051,25.42,25.085,25.009,25.819,25.712,25.932,25.164,25.712,25.61,24.481,24.54,25.932,25.085,25.819,24.935
39.8,39.8,39.8,30.891,39.8,30.891,39.8,29.803,29.803,26.957,27.156,26.455,26.051,26.455,27.377,26.455,26.311,26.609,26.455,26.455,26.455,26.776,25.61,26.311,25.932
39.8,39.8,29.803,39.8,39.8,39.8,39.8,27.377,27.377,25.42,25.009,25.932,25.61,26.311,26.051,26.609,26.957,26.051,25.932,24.935,25.164,25.61,25.819,26.177,26.776
39.8,39.8,39.8,39.8,39.8,39.8,39.8,29.803,29.127,26.957,26.455,27.377,27.624,27.624,27.156,26.609,29.127,26.609,29.127,26.455,27.624,26.957,27.377,27.624,28.63
39.8,39.8,39.8,39.8,39.8,39.8,39.8,30.891,39.8,28.63,30.891,28.235,29.803,28.63,29.803,27.624,29.127,28.235,39.8,28.235,28.235,29.803,29.127,28.63,29.127
39.8,39.8,27.624,27.624,27.624,27.624,25.42,23.749,22.997,21.71,21.516,22.189,22.43,24.157,23.628,24.012,23.708,23.272,22.585,21.389,21.653,22.832,23.338,23.239,23.552
39.8,39.8,29.803,39.8,39.8,30.891,28.63,28.63,27.156,26.051,25.819,25.819,25.819,28.63,27.377,28.235,27.624,28.63,25.819,25.246,25.932,27.906,28.63,28.235,26.609
39.8,39.8,27.624,27.906,27.906,27.377,25.331,24.059,22.517,22.079,21.83,22.246,23.145,24.012,23.749,25.085,23.628,24.313,21.862,21.877,22.01,23.372,23.372,24.157,23.372
39.8,39.8,27.377,28.63,28.235,28.63,25.819,24.935,23.552,23.176,23.114,23.79,24.26,25.61,25.513,26.776,24.729,25.932,22.68,23.055,23.749,25.331,24.012,26.609,25.42
39.8,39.8,30.891,30.891,29.803,30.891,28.235,28.235,28.63,25.42,26.177,26.177,25.932,26.177,27.156,26.455,26.609,27.156,26.455,25.513,26.311,25.819,26.957,25.712,26.776
39.8,39.8,39.8,30.891,29.803,39.8,28.63,29.803,26.609,26.957,26.957,27.624,26.957,27.906,27.377,27.624,27.377,26.455,26.177,26.311,26.776,27.624,27.377,27.624,27.906
39.8,39.8,30.891,39.8,39.8,39.8,30.891,29.803,27.906,25.42,26.311,25.61,26.177,26.311,27.377,26.957,28.63,27.377,26.177,26.177,26.609,26.609,27.156,26.455,26.776
39.8,39.8,28.235,29.127,27.906,27.906,26.311,23.114,23.239,22.01,21.464,21.099,21.942,22.562,23.749,23.145,23.79,23.272,22.227,21.257,21.003,21.597,22.495,22.366,22.73
39.8,39.8,28.235,29.127,26.957,28.235,25.61,23.207,23.025,22.115,21.389,21.143,22.408,22.859,23.749,23.552,23.876,23.176,22.097,21.143,20.95,21.926,22.68,22.78,22.705
39.8,39.8,28.63,29.127,27.377,28.235,25.61,23.749,23.442,22.133,21.667,21.516,22.495,23.338,23.552,24.424,24.208,23.92,22.366,21.477,21.143,22.266,22.408,23.207,23.442
39.8,39.8,39.8,39.8,39.8,39.8,39.8,39.8,39.8,28.63,30.891,29.803,29.803,30.891,29.803,28.63,29.803,30.891,29.127,29.127,29.803,29.803,39.8,29.803,39.8
39.8,39.8,39.8,30.891,39.8,39.8,29.803,28.63,27.624,27.377,26.311,25.819,26.311,26.776,26.776,26.957,25.932,26.455,26.957,25.61,26.051,26.776,26.311,26.957,26.957
39.8,39.8,30.891,39.8,39.8,30.891,29.803,30.891,29.803,25.42,26.177,26.455,26.311,26.776,27.377,26.311,27.906,25.61,25.819,25.61,25.932,26.957,26.177,26.609,26.455
39.8,39.8,39.8,39.8,39.8,39.8,39.8,39.8,39.8,39.8,39.8,39.8,39.8,39.8,39.8,39.8,39.8,39.8,39.8,39.8,39.8,39.8,39.8,30.891,30.891
39.8,39.8,39.8,39.8,39.8,39.8,39.8,39.8,29.803,28.63,29.127,27.624,29.127,28.63,30.891,29.127,28.63,27.906,28.63,27.624,29.127,29.127,29.803,28.235,29.127
39.8,39.8,39.8,30.891,39.8,39.8,30.891,29.803,29.127,28.235,29.127,27.377,29.803,29.127,29.127,28.235,27.624,28.235,27.624,26.957,27.906,27.906,27.377,27.156,28.235
39.8,39.8,30.891,39.8,39.8,39.8,39.8,39.8,30.891,29.803,39.8,29.127,39.8,39.8,39.8,29.127,39.8,30.891,30.891,29.803,30.891,29.803,30.891,39.8,39.8
39.8,39.8,39.8,30.891,39.8,39.8,30.891,29.803,29.127,29.127,29.803,27.906,30.891,28.63,30.891,29.803,28.235,28.235,28.63,28.63,28.235,29.127,27.624,28.63,30.891
39.8,39.8,39.8,39.8,39.8,39.8,39.8,39.8,30.891,28.235,39.8,30.891,30.891,30.891,29.803,29.803,29.127,39.8,29.803,29.127,29.803,30.891,30.891,29.127,27.906
39.8,39.8,39.8,39.8,30.891,39.8,30.891,30.891,28.63,27.624,27.156,27.377,28.235,26.455,28.235,26.177,27.377,26.455,26.776,26.776,26.609,26.177,26.609,26.609,27.906
39.8,39.8,39.8,30.891,30.891,39.8,39.8,27.624,28.63,25.819,25.819,25.712,25.513,25.42,26.609,25.331,26.051,25.819,26.051,25.61,25.819,25.246,25.164,26.051,25.42
39.8,39.8,30.891,39.8,30.891,39.8,29.803,28.63,29.803,26.311,26.776,26.311,26.051,25.513,26.776,26.051,25.932,26.311,25.819,25.932,26.051,25.513,25.61,26.311,26.311
39.8,39.8,30.891,29.803,27.377,28.63,26.177,25.61,23.272,23.272,23.338,23.272,23.966,24.864,24.208,25.42,25.513,26.177,22.832,23.176,23.114,24.313,23.92,24.864,24.729
39.8,39.8,29.803,28.63,29.803,39.8,26.455,26.051,24.26,23.708,22.705,23.876,24.059,25.246,25.085,27.377,25.331,24.795,23.59,22.78,23.145,23.668,24.012,25.246,25.61
39.8,39.8,28.63,28.235,27.377,29.127,25.085,23.92,23.055,22.227,21.414,21.992,22.562,23.833,23.59,24.601,24.208,24.012,22.54,21.304,21.597,22.451,22.54,23.749,23.668
39.8,39.8,39.8,30.891,39.8,39.8,29.127,28.63,28.63,25.42,25.331,25.819,26.051,26.609,26.609,27.156,25.819,26.776,26.609,26.051,26.609,25.42,26.051,25.932,27.377
39.8,39.8,39.8,39.8,39.8,30.891,29.803,30.891,39.8,26.776,26.776,27.906,28.235,27.377,27.377,27.906,29.803,26.776,26.957,26.957,26.609,27.377,26.776,26.776,26.455
39.8,39.8,39.8,39.8,39.8,30.891,29.803,39.8,39.8,26.957,26.776,29.127,28.235,27.906,28.235,29.127,29.803,27.377,27.624,26.957,27.377,27.624,27.624,27.624,26.311
39.8,39.8,39.8,39.8,39.8,30.891,39.8,30.891,39.8,27.906,26.957,28.235,28.63,27.906,27.906,29.127,30.891,27.906,27.906,27.156,28.235,27.624,28.63,27.156,26.609
39.8,39.8,39.8,30.891,39.8,39.8,29.803,28.63,30.891,26.957,25.819,25.932,27.624,27.156,26.455,26.776,29.127,26.455,26.455,25.513,26.177,25.61,26.609,25.513,27.377
39.8,39.8,39.8,30.891,39.8,39.8,29.803,29.803,29.803,27.906,27.156,26.455,28.63,28.235,26.957,26.776,29.803,26.776,27.624,26.776,26.609,26.177,27.156,26.957,28.63
39.8,39.8,39.8,30.891,39.8,30.891,29.803,29.803,29.803,27.906,27.156,26.311,28.63,27.906,26.957,26.776,29.127,26.957,26.957,26.609,26.455,25.819,26.957,26.776,28.235
39.8,39.8,30.891,29.803,30.891,39.8,29.127,29.127,28.235,27.377,27.377,26.177,28.235,26.609,27.377,26.311,27.377,26.311,26.455,27.156,26.311,25.819,26.776,26.455,28.235
39.8,39.8,30.891,39.8,39.8,39.8,30.891,30.891,30.891,28.235,29.127,28.235,26.957,28.63,30.891,30.891,27.156,27.906,27.906,27.377,27.377,27.906,26.957,27.906,28.235
39.8,39.8,39.8,39.8,39.8,39.8,39.8,30.891,39.8,29.127,29.127,28.63,30.891,29.803,29.803,39.8,39.8,28.63,30.891,29.127,30.891,28.63,29.127,29.127,29.127
39.8,39.8,29.127,28.63,29.803,27.906,25.42,25.246,23.876,23.338,22.17,23.372,23.708,25.009,24.481,25.009,25.331,24.601,22.78,22.562,22.68,23.92,23.207,25.009,24.729
39.8,39.8,29.803,27.906,27.156,27.906,25.009,24.481,22.266,22.366,21.681,22.366,22.913,23.708,23.478,24.313,24.012,24.157,21.739,21.846,21.942,22.656,22.387,23.92,23.708
39.8,39.8,30.891,39.8,29.127,29.803,25.331,25.932,24.367,24.157,23.668,24.54,25.009,26.455,25.42,27.377,26.311,26.311,23.478,24.26,24.108,26.311,24.935,26.776,26.051
39.8,39.8,29.803,28.63,29.127,29.127,25.513,25.331,24.157,22.886,22.859,23.478,23.407,24.601,24.157,25.009,25.164,24.795,23.59,22.562,22.859,23.515,24.059,24.059,24.481
39.8,39.8,39.8,39.8,39.8,39.8,39.8,39.8,30.891,39.8,39.8,29.803,39.8,30.891,39.8,30.891,39.8,39.8,39.8,30.891,39.8,39.8,39.8,39.8,39.8
39.8,39.8,30.891,39.8,39.8,39.8,39.8,29.803,30.891,28.63,28.63,27.906,27.377,28.235,28.63,30.891,28.63,27.906,28.235,28.235,28.63,28.63,28.235,28.63,30.891
39.8,39.8,39.8,39.8,39.8,39.8,39.8,30.891,39.8,29.127,39.8,29.803,29.803,39.8,29.127,39.8,30.891,29.127,39.8,29.127,29.803,29.127,29.803,29.803,39.8
39.8,39.8,39.8,39.8,39.8,39.8,39.8,29.803,29.803,29.127,29.803,27.906,29.803,28.63,30.891,29.803,29.127,29.803,28.63,29.127,29.803,29.127,29.127,28.235,29.127
39.8,39.8,29.127,26.957,27.377,26.957,25.246,23.628,22.366,21.71,20.888,20.888,20.878,21.653,22.208,22.806,22.913,22.78,21.696,21.292,20.587,20.527,21.11,22.133,22.079
39.8,39.8,30.891,30.891,29.127,30.891,28.63,26.957,26.311,26.051,25.61,24.864,25.331,25.085,24.601,24.935,25.513,24.864,25.331,24.795,25.331,25.085,25.513,25.009,25.513
39.8,39.8,39.8,30.891,29.803,30.891,30.891,27.906,27.156,26.957,26.177,25.712,25.712,25.932,25.331,25.61,26.609,25.331,26.051,25.246,26.051,25.819,26.177,25.513,26.051
39.8,39.8,28.235,27.624,27.906,27.624,26.051,23.668,23.407,21.976,21.639,21.696,22.346,23.176,24.54,23.59,24.481,23.442,22.495,21.543,21.401,22.326,23.372,23.239,23.876
