0,0,0,0,0,0,0,2,0,2,1,0,0,1,1,2,0,2,2,0,2,1,1,0
0,0,0,0,0,0,0,2,2,1,4,0,0,1,2,2,0,3,3,0,2,2,2,0
0,0,0,0,0,0,0,1,2,0,0,0,2,0,0,0,2,4,2,0,2,0,4,1
0,0,0,0,0,0,0,0,0,0,0,0,2,0,0,0,2,2,0,0,0,0,2,0
0,0,0,0,0,0,0,0,0,0,1,0,2,0,0,0,2,1,0,0,0,0,2,0
0,0,0,0,0,1,0,0,1,1,3,1,3,1,6,2,4,2,2,1,2,1,4,3
0,0,1,0,1,5,10,18,19,28,17,14,3,12,6,10,13,14,30,27,16,15,9,14
0,0,1,0,1,5,12,18,19,30,16,13,6,11,7,11,12,14,33,26,17,14,12,14
0,0,0,0,0,2,2,3,9,11,4,2,5,3,3,3,7,4,4,3,1,3,2,1
0,0,0,0,0,0,0,0,2,1,7,0,3,0,4,1,2,0,2,3,3,1,2,1
0,1,0,0,0,0,3,3,3,1,3,2,6,1,1,1,2,4,1,1,5,2,4,5
0,1,0,0,0,1,2,5,10,4,4,5,6,3,7,9,8,9,15,1,8,2,5,7
0,0,0,0,0,0,1,1,5,4,3,3,1,3,1,2,4,2,7,1,1,2,2,2
0,0,3,1,0,7,4,6,10,10,7,9,4,4,2,3,4,10,8,7,9,5,6,3
0,0,0,0,1,0,1,3,4,1,3,3,10,6,7,5,5,4,10,4,5,4,9,3
0,0,0,0,0,0,1,2,3,3,3,1,2,1,3,1,1,4,3,2,4,1,5,1
0,2,0,0,0,7,6,9,10,15,5,7,4,7,4,6,7,15,20,11,2,11,12,3
0,0,0,0,0,0,1,0,2,0,1,1,0,0,0,0,1,4,0,0,3,2,0,0
0,0,1,0,0,2,1,0,3,2,2,1,1,0,2,1,4,5,6,0,6,6,2,3
0,0,0,0,0,0,0,0,0,0,0,0,0,0,0,0,0,0,0,0,2,0,0,0
0,0,0,0,0,0,1,1,1,1,3,0,5,4,0,1,3,2,4,1,4,1,1,2
0,0,1,0,0,0,2,2,4,3,3,3,5,4,3,2,9,3,9,3,8,4,6,5
0,1,0,1,0,3,1,4,7,2,7,3,8,2,6,6,5,7,6,3,6,3,5,5
0,1,0,1,0,3,3,4,11,2,11,5,11,3,10,8,11,11,12,5,8,4,5,5
0,0,1,0,1,13,13,26,37,43,29,20,8,10,9,11,16,30,48,43,16,21,17,20
0,0,0,0,0,3,3,5,6,3,5,3,3,2,2,4,2,3,8,1,1,0,3,2
0,0,0,0,0,3,1,7,7,11,8,7,8,12,4,6,6,6,12,10,6,6,9,8
0,0,0,0,0,4,4,9,13,10,16,10,15,8,11,11,13,14,17,8,8,6,11,9
0,0,2,0,0,8,5,9,18,11,22,13,14,5,16,6,13,18,21,10,16,9,14,9
0,0,0,0,0,2,2,3,8,8,8,5,10,4,4,7,8,6,13,2,4,3,2,8
0,1,0,0,1,1,3,7,6,6,6,9,6,3,7,9,6,12,12,6,12,3,10,6
0,0,0,0,0,2,3,3,2,7,6,6,9,3,3,6,7,6,9,1,4,2,3,5
0,0,3,1,0,7,3,6,13,11,8,9,4,4,3,1,4,10,11,7,9,6,6,2
0,0,0,0,0,2,3,2,3,9,4,4,9,3,2,7,7,6,10,3,4,2,2,4
0,1,2,0,0,9,15,18,22,32,21,16,19,20,17,19,20,32,48,28,16,16,31,11
0,1,2,0,0,11,15,15,20,32,18,10,17,13,12,18,21,28,44,27,14,14,20,12
0,1,0,0,0,1,3,3,3,7,2,1,3,1,1,3,2,4,7,4,1,6,2,1
0,0,2,0,0,5,5,3,11,14,13,3,13,6,7,11,15,10,22,14,11,7,10,8
0,0,0,1,0,2,4,3,3,9,5,5,5,7,4,6,4,9,3,6,6,7,4,4
0,0,1,1,1,4,6,6,11,13,11,5,14,7,5,9,18,17,16,9,8,8,12,8
0,1,0,1,0,2,2,7,10,11,14,3,5,1,9,4,11,13,17,6,15,7,10,5
0,1,0,0,1,3,10,21,17,31,33,27,19,12,15,15,18,31,22,32,19,15,11,21
0,0,0,2,1,4,17,13,23,36,29,24,16,9,14,15,16,26,32,44,18,19,12,19
0,1,1,1,0,10,21,28,50,51,40,29,19,25,18,20,25,43,56,47,23,25,19,30
0,2,10,4,4,13,30,40,77,99,120,74,59,32,38,23,47,67,97,128,95,47,58,27
0,0,0,0,0,0,0,0,0,0,0,0,0,0,0,0,0,0,0,0,0,0,0,0
0,1,1,0,0,7,15,25,48,45,32,21,17,17,19,17,18,41,45,39,16,19,19,25
0,2,10,4,4,14,28,44,74,95,125,73,63,35,37,25,53,67,96,128,99,50,57,32
0,0,1,0,0,5,7,12,23,14,27,16,23,6,17,11,10,22,30,14,17,9,16,14
0,1,2,0,0,9,15,24,41,42,33,21,12,15,22,16,17,47,37,37,15,19,18,25
0,3,9,5,5,13,33,43,81,104,126,83,67,49,44,34,63,74,106,155,101,65,70,39
0,0,0,0,0,0,3,4,7,2,5,7,5,4,3,4,6,8,6,8,7,4,8,6
0,2,2,0,1,10,17,28,44,46,36,28,17,16,26,23,20,54,52,36,23,20,24,28
0,4,9,4,5,14,27,40,77,105,122,79,72,47,48,35,56,67,108,141,105,71,57,45
0,4,13,3,8,20,33,49,93,125,126,87,80,50,54,35,61,78,129,145,117,80,68,52
0,1,9,5,5,22,44,65,106,153,149,108,81,67,65,52,68,100,135,165,131,95,68,71
0,2,4,0,2,7,7,11,29,14,18,14,18,8,14,9,17,28,34,16,19,17,22,13
0,2,3,2,7,12,19,48,56,79,88,99,56,51,22,40,39,58,77,114,123,88,62,55
0,2,10,7,11,23,53,98,141,208,208,210,142,103,83,86,88,138,172,246,236,179,112,119
0,0,0,0,0,0,0,1,6,1,4,1,1,1,2,0,1,1,4,1,3,2,3,2
0,0,0,0,0,0,0,0,0,0,0,0,1,0,1,1,0,0,1,1,2,1,1,1
0,3,9,5,7,14,48,54,107,142,153,90,73,34,51,37,58,90,141,166,105,61,69,48
0,0,0,0,0,2,2,2,1,3,8,5,3,0,5,1,5,5,6,4,3,1,4,4
0,0,0,0,0,1,2,2,5,8,3,4,5,1,3,2,7,6,7,6,5,1,6,6
0,1,1,0,1,7,3,3,15,14,13,18,15,12,8,13,12,22,24,21,16,17,14,18
0,1,1,2,2,2,5,9,14,11,10,11,17,13,12,10,18,15,13,14,12,10,14,15
0,1,0,1,1,6,11,12,39,29,35,22,32,17,27,17,20,29,60,32,30,18,32,25
0,0,0,1,0,4,7,13,23,33,19,22,20,14,28,18,16,22,40,16,33,15,26,18
0,1,0,2,2,3,3,6,13,9,6,2,6,8,8,7,12,8,7,11,7,1,5,9
0,1,1,2,2,9,9,18,37,39,26,24,27,18,23,26,27,27,59,22,30,22,26,26
0,1,2,1,3,4,5,4,19,20,10,17,10,9,9,14,10,13,18,13,8,7,10,9
0,0,0,1,0,1,1,5,6,5,6,3,2,6,10,4,10,6,6,7,2,2,7,9
0,4,5,1,8,15,35,45,84,89,112,108,66,49,42,30,52,68,102,129,136,84,66,52
0,4,7,2,10,22,34,54,91,99,114,116,70,57,42,47,63,83,118,140,139,89,80,63
0,2,0,3,2,2,1,2,6,4,3,2,2,3,3,6,10,8,8,8,4,6,5,4
0,1,0,1,0,2,6,7,11,14,18,7,13,11,14,11,17,13,12,13,6,11,11,12
0,1,0,1,0,1,3,6,6,10,15,6,14,10,13,10,14,8,7,10,2,10,11,13
0,1,0,0,0,1,2,4,7,7,8,17,17,11,10,8,13,13,5,9,7,9,9,11
0,1,1,1,1,3,9,11,20,23,34,29,25,21,21,24,28,25,40,22,26,25,27,20
0,3,1,1,2,11,14,21,34,50,21,20,26,14,13,11,15,35,31,35,40,27,15,18
0,7,8,6,10,12,56,69,133,148,129,99,64,50,45,58,68,95,182,145,98,69,69,57
0,0,0,2,0,3,10,12,22,31,18,14,14,10,11,4,13,19,27,31,17,10,12,6
0,0,0,0,1,3,6,14,26,34,30,25,24,22,17,23,14,25,29,24,18,18,19,19
0,1,0,1,0,6,2,8,9,12,13,12,4,8,8,10,4,15,16,18,9,11,7,11
0,0,2,3,0,7,4,9,9,10,9,13,5,10,8,10,6,16,21,20,8,9,4,13
0,0,1,2,0,0,1,4,2,1,4,4,2,3,7,1,2,8,6,1,4,0,3,2
0,0,1,0,0,5,6,23,28,26,21,19,21,14,16,16,18,25,42,20,25,19,18,21
0,0,0,0,0,5,4,16,17,21,18,13,13,15,13,12,14,20,32,16,19,24,16,20
0,1,0,0,1,4,8,13,28,29,27,23,21,16,19,17,16,23,23,25,13,12,19,18
0,0,0,0,0,0,1,3,3,4,1,3,4,3,7,2,6,3,6,6,9,1,2,4
0,4,3,3,8,12,36,41,83,93,123,94,65,35,42,27,45,64,107,129,127,71,71,46
0,2,4,6,7,11,45,44,91,107,137,96,74,37,50,30,46,70,116,147,125,65,70,54
0,1,0,0,1,8,13,24,39,52,46,37,29,31,24,29,31,37,50,45,29,38,34,32
0,0,0,3,0,2,5,5,20,21,18,16,18,12,16,16,16,18,20,21,19,15,12,15
0,2,0,0,0,0,8,8,24,29,20,21,14,16,13,12,17,19,33,24,18,21,16,13
0,0,0,1,0,0,0,1,3,2,1,2,4,1,1,0,1,2,6,1,2,1,0,3
0,0,0,0,0,0,0,1,0,0,1,0,0,0,0,0,0,0,0,0,1,0,0,0
0,0,0,2,0,1,2,2,10,15,13,12,13,9,12,9,12,10,8,7,11,11,10,8
0,0,0,2,0,1,2,4,10,14,15,13,14,11,8,7,11,13,9,5,10,11,9,9
0,0,0,0,0,0,2,0,3,0,2,1,3,3,4,2,4,2,2,3,3,4,5,3
0,2,0,0,0,0,6,6,6,16,9,9,8,4,5,7,4,10,17,15,8,7,6,7
0,2,0,0,0,0,8,7,7,15,10,9,8,5,4,10,6,9,21,18,9,7,8,11
0,2,1,0,1,0,11,8,16,22,26,27,18,19,17,25,19,20,35,34,17,26,18,28
0,0,1,0,1,0,2,2,10,9,13,16,13,8,13,14,12,13,13,13,11,20,14,17
0,2,0,0,0,0,8,8,22,27,17,20,14,16,12,10,16,17,28,25,20,18,15,11
0,0,0,0,0,0,2,3,10,13,8,7,7,9,12,3,12,3,13,7,10,8,7,4
0,0,0,0,0,0,1,0,4,1,5,2,4,2,7,3,5,0,5,5,2,3,4,3
0,7,7,7,7,22,50,72,136,150,107,95,41,53,44,51,63,88,160,140,78,61,64,55
0,2,0,0,1,4,4,9,16,18,18,18,4,8,5,7,4,18,24,17,6,4,5,12
0,7,6,6,8,23,43,91,113,128,104,67,44,50,26,53,38,126,125,117,60,60,41,60
0,8,4,5,4,18,28,55,66,68,49,39,20,21,11,31,17,84,70,50,23,44,12,22
0,1,1,2,1,5,5,4,22,15,15,17,15,9,13,12,9,13,21,14,18,10,19,11
0,0,1,2,0,4,2,12,10,10,7,10,6,8,7,8,13,15,14,11,7,8,7,6
0,1,0,0,0,1,2,6,22,14,20,15,14,8,10,4,8,15,15,12,12,9,13,11
0,5,3,6,6,14,68,64,117,154,185,121,89,50,67,49,63,105,171,194,144,92,98,82
0,5,3,10,5,20,65,71,111,160,181,96,77,50,55,47,66,112,181,199,122,84,80,83
0,4,3,8,5,20,50,58,110,139,150,92,61,55,36,40,46,98,153,181,103,96,65,58
0,0,0,0,0,0,0,0,4,1,2,2,1,2,4,2,1,3,3,2,2,0,2,0
0,0,1,0,0,2,4,7,8,14,18,14,11,11,10,17,13,10,20,16,11,14,10,10
0,1,0,0,1,2,1,2,22,15,13,14,11,8,14,6,20,18,20,17,10,15,12,13
0,0,0,0,0,0,0,0,0,0,0,0,0,0,0,0,0,0,0,0,0,0,1,1
0,0,0,0,0,0,0,2,4,3,7,3,4,1,3,4,6,4,7,3,3,2,5,3
0,0,1,0,0,1,2,3,5,3,8,2,3,3,5,7,5,7,10,6,6,8,9,5
0,1,0,0,0,0,0,1,2,0,3,0,0,0,3,0,1,1,2,1,2,1,0,0
0,0,1,0,0,1,2,3,3,2,6,1,4,1,2,5,5,4,4,5,3,7,4,1
0,0,0,0,0,0,0,1,5,0,1,1,1,2,2,3,0,2,3,2,1,1,3,6
0,0,0,1,0,1,1,4,7,9,8,5,13,5,15,8,13,11,11,12,15,12,12,6
0,0,1,1,0,0,7,4,18,18,19,21,22,12,23,16,18,16,20,18,24,25,16,22
0,1,0,1,0,2,4,2,14,11,14,16,21,11,16,17,14,18,17,16,21,20,14,14
0,1,2,8,4,15,20,63,63,61,63,45,29,40,22,21,15,78,66,68,38,46,29,31
0,2,4,2,0,13,16,39,51,83,47,43,24,26,8,23,30,54,80,67,52,44,24,20
0,4,5,8,3,26,46,70,105,158,118,89,48,54,33,40,44,90,167,144,94,90,50,52
0,0,1,0,0,3,4,4,22,23,18,16,12,12,9,18,11,12,16,12,22,16,17,8
0,0,0,0,1,2,1,0,11,11,6,5,8,8,6,2,11,10,10,12,8,11,11,13
0,0,0,0,1,2,0,0,10,11,3,5,6,5,3,2,8,7,10,8,7,7,7,14
0,0,0,0,1,0,1,0,6,10,5,4,6,6,3,1,6,6,9,5,7,4,9,12
0,0,1,0,0,2,4,1,10,18,17,7,9,13,11,3,13,13,21,15,20,12,21,8
0,0,1,0,0,2,2,2,6,9,13,4,5,10,11,2,11,7,11,12,15,9,10,4
0,0,1,0,1,2,2,2,6,9,14,4,6,10,11,3,10,10,12,13,18,10,11,5
0,1,2,1,0,3,3,5,8,8,15,5,12,8,14,8,14,13,9,14,18,11,13,5
0,1,0,0,0,1,1,1,5,3,5,10,4,1,1,9,6,6,8,8,6,10,6,5
0,0,0,0,0,0,1,0,3,3,4,1,2,2,0,0,4,1,3,1,4,3,3,3
0,3,4,2,6,22,24,47,61,108,60,51,27,35,27,23,33,80,89,84,46,65,27,31
0,2,6,9,6,27,35,103,98,138,98,75,51,57,38,44,41,134,127,121,85,97,46,51
0,1,0,3,2,23,17,37,41,52,34,27,13,22,8,14,14,57,39,42,14,28,11,16
0,2,4,3,3,21,23,41,76,77,57,59,33,41,27,25,30,54,89,77,56,43,43,35
0,0,0,0,0,0,0,1,0,0,2,0,1,0,1,0,0,0,1,0,0,0,0,0
0,1,0,0,0,0,2,1,4,4,6,8,5,4,1,4,6,5,5,4,4,5,4,1
0,0,0,0,0,0,1,0,3,0,2,2,0,3,0,1,3,0,3,2,3,2,2,0
0,0,0,0,0,0,2,2,3,2,6,2,4,1,2,3,2,4,3,2,3,3,5,3
0,3,10,8,10,24,53,98,136,205,205,206,140,106,79,75,80,137,168,235,241,184,110,113
0,1,1,3,1,4,10,14,16,20,29,23,26,33,28,21,29,23,30,23,26,21,27,21
0,0,1,2,1,1,6,9,10,15,19,19,17,23,20,12,23,16,24,16,18,15,21,16
0,5,7,6,7,16,52,59,119,141,137,99,66,34,54,35,58,92,148,159,100,60,64,47
